Mars-scaled Solar Photon Irradiance from LISIRD...http://lasp.colorado.edu/lisird/whi_ref_spectra/
I resampled these to 1-nm intervals and converted to photons 
assuming that all of the light was at the center of the bin.
Wavelength [nm]	Spectral Irradiance [ph/cm2/s/nm]
0.5	47873.64737946282
1.5	3.9576590419917475e6
2.5	8.480191368076537e6
3.5	5.993813714274854e6
4.5	2.072503887862628e7
5.5	2.2455686415960323e7
6.5	2.8617702344770256e7
7.5	3.702730339413233e7
8.5	4.10226102446318e7
9.5	4.3417118006416425e7
10.5	3.7795638808468275e7
11.5	3.208315508564852e7
12.5	1.6741573894327937e7
13.5	2.1355911047230873e7
14.5	4.475113676657179e7
15.5	3.3079752230790835e7
16.5	7.49713754408677e7
17.5	7.327602577394081e8
18.5	4.3364718832896465e8
19.5	2.6179574873638222e8
20.5	1.4120972157280523e8
21.5	1.2235867428680557e8
22.5	2.467638334306408e8
23.5	1.579592171551001e8
24.5	1.8933041365242583e8
25.5	3.0340481005390465e8
26.5	5.570910959125441e7
27.5	1.0659593582273825e8
28.5	4.2950273035417005e7
29.5	7.509379235935175e7
30.5	2.7446115882376065e9
31.5	2.0872013355133867e8
32.5	4.703293208428941e7
33.5	5.77994115220681e7
34.5	1.9584405601359037e8
35.5	1.1635267386077541e8
36.5	2.842296469860684e8
37.5	3.9467167021655224e7
38.5	2.4279476954370055e7
39.5	2.3754692508163728e7
40.5	5.064283390442168e7
41.5	3.1287824120285984e7
42.5	2.628205689959704e7
43.5	1.2185691533007257e8
44.5	3.170213544968769e7
45.5	3.409677876397004e7
46.5	1.8953605004473227e8
47.5	4.70873049021762e7
48.5	1.0345838348943295e8
49.5	1.4817170870007977e8
50.5	1.9456141490333205e8
51.5	3.5391848845407546e7
52.5	6.26678049616742e7
53.5	1.0726625506948437e8
54.5	3.411534988992614e7
55.5	3.6987435344153917e8
56.5	6.207103899435878e7
57.5	3.851028404729592e7
58.5	6.385900043754487e8
59.5	7.657470892752196e7
60.5	2.1359464268587404e8
61.5	9.742842551495512e7
62.5	7.125372348250508e8
63.5	2.5336931911553282e8
64.5	1.9890284909245837e7
65.5	2.5237736274570245e7
66.5	3.5284047305670045e7
67.5	2.8979372674996063e7
68.5	1.0010821326797852e8
69.5	4.5556752371041596e7
70.5	2.206833788810179e8
71.5	6.871428949667446e7
72.5	4.7322905987419344e7
73.5	5.2678382385934964e7
74.5	7.108051666975407e7
75.5	1.0549591103741299e8
76.5	3.214438338977621e8
77.5	2.9016227772497076e8
78.5	4.3274464726652265e8
79.5	2.871849636258544e8
80.5	1.615276247290493e8
81.5	1.9576591813180265e8
82.5	2.2584098008103675e8
83.5	6.858820290097206e8
84.5	3.2639665322842026e8
85.5	3.8813199960698485e8
86.5	4.431259515709702e8
87.5	5.019736718894323e8
88.5	5.954569531111954e8
89.5	7.087853151952635e8
90.5	9.116068351781086e8
91.5	6.865973232739075e8
92.5	2.1285497488973466e8
93.5	2.4272635890914953e8
94.5	1.9000265210565576e8
95.5	1.136018332839153e8
96.5	5.2888773959861495e7
97.5	2.5015320651885676e9
98.5	1.3999969864662737e8
99.5	2.702717054444298e8
100.5	8.71197963266369e7
101.5	1.0565047341741714e8
102.5	1.5210467658350623e9
103.5	1.6703009403921223e9
104.5	1.2664174282367212e8
105.5	1.3136109412319134e8
106.5	1.5034837058498305e8
107.5	2.0031830453998598e8
108.5	3.7066317246491116e8
109.5	2.4923555623280862e8
110.5	3.274359179621659e8
111.5	3.125686078498801e8
112.5	3.462235537897306e8
113.5	1.9488012810481933e8
114.5	2.5476497251198292e8
115.5	3.3724701255179024e8
116.5	5.962604324083011e8
117.5	1.9289709266092405e9
118.5	8.022233218827871e8
119.5	1.2960529346437972e9
120.5	3.5489974647857533e9
121.5	1.5401123775430783e11
122.5	1.6350975576667976e9
123.5	1.043695001450909e9
124.5	7.634561750698752e8
125.5	7.069820657401489e8
126.5	9.373010822265776e8
127.5	5.284156265153437e8
128.5	4.1503426557350564e8
129.5	4.6670737979212385e8
130.5	4.053072504027493e9
131.5	6.790185614377915e8
132.5	5.460945459314289e8
133.5	4.782710814237134e9
134.5	5.1727002300773215e8
135.5	1.18936466045961e9
136.5	7.473372154859904e8
137.5	8.14578606724282e8
138.5	8.125366222101768e8
139.5	2.0091557920871487e9
140.5	1.798743581648388e9
141.5	1.163180786945164e9
142.5	1.2619432740548637e9
143.5	1.4480156563140078e9
144.5	1.4272868599201448e9
145.5	1.5299691457170115e9
146.5	1.899477349089381e9
147.5	2.3960545784466457e9
148.5	2.4633861934274216e9
149.5	2.230457791359817e9
150.5	2.5194379537068415e9
151.5	2.734245979827975e9
152.5	3.4270430731123586e9
153.5	3.81047734366984e9
154.5	6.341809909765714e9
155.5	5.715848537048634e9
156.5	5.907970703190574e9
157.5	5.30533824065769e9
158.5	5.34582939835765e9
159.5	5.3928407396401005e9
160.5	6.033875224778028e9
161.5	7.117543811959986e9
162.5	8.223083523544623e9
163.5	8.818786433951887e9
164.5	1.02130531825714e10
165.5	1.6344721401307013e10
166.5	1.1377370626008873e10
167.5	1.3345116290370901e10
168.5	1.5010254884141165e10
169.5	2.00212318753066e10
170.5	2.3231179110618053e10
171.5	2.3492409594594727e10
172.5	2.593710615665044e10
173.5	2.6392301745995502e10
174.5	3.2458918321073643e10
175.5	3.977008293505779e10
176.5	4.336349788443896e10
177.5	5.260910638423844e10
178.5	5.888793820232647e10
179.5	5.874249904762909e10
180.5	7.413647724362968e10
181.5	8.88660226414293e10
182.5	8.709673613572423e10
183.5	9.377851998390471e10
184.5	8.281004346727852e10
185.5	9.465136854282536e10
186.5	1.0902223118744897e11
187.5	1.222961412085558e11
188.5	1.3122712054096143e11
189.5	1.443998661063873e11
190.5	1.535453816658898e11
191.5	1.647799867746664e11
192.5	1.7783693363675705e11
193.5	1.4049688135103723e11
194.5	2.2576083927554263e11
195.5	2.195976695238722e11
196.5	2.4743839688031158e11
197.5	2.5089546813915067e11
198.5	2.5390984012230472e11
199.5	2.762468270114786e11
200.5	3.0137272520981323e11
201.5	3.3359929917573303e11
202.5	3.3180108793585364e11
203.5	3.837090701718074e11
204.5	4.2669456299939276e11
205.5	4.4255311430653107e11
206.5	4.6153520181870984e11
207.5	5.356983200080322e11
208.5	6.220054086235184e11
209.5	9.072354297895256e11
210.5	1.1852895186100518e12
211.5	1.4412749017072178e12
212.5	1.3915442580342358e12
213.5	1.2683190562725835e12
214.5	1.817041325327081e12
215.5	1.5059752691999856e12
216.5	1.4599978789933684e12
217.5	1.424512902762533e12
218.5	2.047813260663103e12
219.5	2.1545207073925679e12
220.5	2.146048806415253e12
221.5	1.5263975542859968e12
222.5	2.2575926903540913e12
223.5	2.8790491005176294e12
224.5	2.661741746599271e12
225.5	2.355103670051209e12
226.5	1.6620690345698154e12
227.5	1.6891583337038552e12
228.5	2.4298680514059536e12
229.5	2.07165527500588e12
230.5	2.529023206991058e12
231.5	2.1815154234157957e12
232.5	2.354050275325101e12
233.5	1.97796098734406e12
234.5	1.6069452666898103e12
235.5	2.5933062679864346e12
236.5	2.0026197542845203e12
237.5	2.435364640123439e12
238.5	1.6729492371310845e12
239.5	2.075644964560874e12
240.5	1.9156971814199712e12
241.5	2.257600552398959e12
242.5	3.4228520609877456e12
243.5	3.1507035173482373e12
244.5	3.024947658896086e12
245.5	2.406286265326205e12
246.5	2.434002923108109e12
247.5	2.8280670036530645e12
248.5	2.1845856549566326e12
249.5	2.820438466939786e12
250.5	2.975406170600527e12
251.5	2.3039876798514937e12
252.5	2.0504714559876592e12
253.5	2.6537626385942803e12
254.5	2.9485507591681597e12
255.5	4.1933386500857466e12
256.5	5.03964482624597e12
257.5	6.287219969310144e12
258.5	6.717347206287623e12
259.5	5.594382123522845e12
260.5	4.573434154182303e12
261.5	4.507834748303634e12
262.5	5.745684867192139e12
263.5	8.504029836365974e12
264.5	1.3267336700945195e13
265.5	1.3890502222065229e13
266.5	1.3554407286457889e13
267.5	1.3615537016809227e13
268.5	1.3731249942523846e13
269.5	1.23319479066029e13
270.5	1.5664590647891701e13
271.5	1.3039162190037947e13
272.5	1.0423824737259523e13
273.5	1.1936278190456111e13
274.5	6.989023430804066e12
275.5	1.031005072193974e13
276.5	1.4206699786078744e13
277.5	1.421811721029899e13
278.5	9.423164921097447e12
279.5	4.443942100190101e12
280.5	5.213599270665032e12
281.5	1.231899884760038e13
282.5	1.7328549826489766e13
283.5	1.9429523751228246e13
284.5	1.4957914919952203e13
285.5	7.633600293098698e12
286.5	2.0274333221773812e13
287.5	2.22861834396571e13
288.5	1.8666203063590895e13
289.5	2.805546214083498e13
290.5	3.765103899483681e13
291.5	3.518545975719181e13
292.5	3.0751909729596574e13
293.5	3.5108528509517863e13
294.5	3.179775710951574e13
295.5	3.589150185853594e13
296.5	3.1761106750507277e13
297.5	3.43233265689952e13
298.5	2.5352393192106594e13
299.5	3.5400003466786586e13
300.5	2.3625770696418945e13
301.5	3.2175015434769746e13
302.5	3.173036723949354e13
303.5	4.1751756564339914e13
304.5	3.943351692741036e13
305.5	4.109179168490591e13
306.5	3.796144792498754e13
307.5	4.37157602206708e13
308.5	4.414757311260056e13
309.5	3.349157817803628e13
310.5	4.015504183504448e13
311.5	4.601400781614208e13
312.5	4.352502592775413e13
313.5	4.483521575167169e13
314.5	4.412219508241876e13
315.5	4.127230109025629e13
316.5	4.319602364103767e13
317.5	4.806398938540297e13
318.5	4.544667463376234e13
319.5	4.779348179692411e13
320.5	5.093254353440206e13
321.5	4.831181426956479e13
322.5	4.588628645731714e13
323.5	4.628353812533336e13
324.5	5.185816799434433e13
325.5	5.9964375226417875e13
326.5	6.6005722213312414e13
327.5	6.569398519401e13
328.5	6.5973874750403305e13
329.5	7.084476213908352e13
330.5	7.103138366077725e13
331.5	6.801180038895866e13
332.5	6.6713965687219586e13
333.5	6.601922606157762e13
334.5	6.736532460967812e13
335.5	6.564383890300219e13
336.5	6.097761941114261e13
337.5	6.1650650466937164e13
338.5	6.624058231438198e13
339.5	7.053588625346103e13
340.5	7.179193684355586e13
341.5	7.10492553358451e13
342.5	7.165717000810927e13
343.5	6.864554453544305e13
344.5	6.504194070123898e13
345.5	6.718275730052831e13
346.5	6.934156193314953e13
347.5	6.889005716721247e13
348.5	6.854659088677894e13
349.5	7.113396762221436e13
350.5	7.530600966275958e13
351.5	7.520883402909762e13
352.5	7.460576107516812e13
353.5	7.895206376780269e13
354.5	8.31123233683618e13
355.5	8.058574084373534e13
356.5	7.281901584152423e13
357.5	6.494410010124419e13
358.5	6.498051947879654e13
359.5	7.186943979744422e13
360.5	7.534928604474077e13
361.5	7.525621038614595e13
362.5	7.689984016022944e13
363.5	7.994192254406217e13
364.5	8.434057214117353e13
365.5	9.042216639971414e13
366.5	9.491739736833742e13
367.5	9.525688263457583e13
368.5	9.46265559292221e13
369.5	9.580413734722477e13
370.5	9.559735580741766e13
371.5	9.261878486554227e13
372.5	8.62078262324533e13
373.5	8.052694012217889e13
374.5	7.93052178225855e13
375.5	8.393770361141966e13
376.5	9.26192533349744e13
377.5	9.986545609527558e13
378.5	1.0179151394448773e14
379.5	9.926693217472772e13
380.5	9.407694585637267e13
381.5	8.503880349071486e13
382.5	7.533095826262858e13
383.5	7.101831911104666e13
384.5	7.472689479948772e13
385.5	8.028106751931027e13
386.5	8.3097722520843e13
387.5	8.474859003921095e13
388.5	8.856508958996347e13
389.5	9.574883626583358e13
390.5	1.0031824915215098e14
391.5	9.628209220093762e13
392.5	8.679043466313847e13
393.5	8.111625948592138e13
394.5	8.235956716525222e13
395.5	8.643030247421486e13
396.5	9.126768757509375e13
397.5	1.0063714019851527e14
398.5	1.1637480470376372e14
399.5	1.3270398886089766e14
400.5	1.443143313959038e14
401.5	1.4931510269373666e14
402.5	1.507153404756599e14
403.5	1.4996087479289103e14
404.5	1.4805331064204825e14
405.5	1.4627782992940716e14
406.5	1.4649309488673184e14
407.5	1.4748097112638062e14
408.5	1.4921614286387872e14
409.5	1.5111079807925825e14
410.5	1.5264700586059788e14
411.5	1.5559544510885928e14
412.5	1.5759287297475284e14
413.5	1.5937663865605475e14
414.5	1.6012616046812662e14
415.5	1.5967259747306422e14
416.5	1.5928906415158556e14
417.5	1.5809414611133403e14
418.5	1.5783019178124706e14
419.5	1.5803081815323762e14
420.5	1.5832818671622334e14
421.5	1.5895610600921756e14
422.5	1.5822629353031462e14
423.5	1.57570232454373e14
424.5	1.567389800771138e14
425.5	1.5552000201072634e14
426.5	1.536627018104594e14
427.5	1.4909688702964153e14
428.5	1.4432401526634122e14
429.5	1.4099903503664366e14
430.5	1.4029839996177073e14
431.5	1.440701124250655e14
432.5	1.5026757804308003e14
433.5	1.5676763479071256e14
434.5	1.6241308509235812e14
435.5	1.6582070788444762e14
436.5	1.6742176181185822e14
437.5	1.6779772588186397e14
438.5	1.6849795863692362e14
439.5	1.7042927050094762e14
440.5	1.7341662307583544e14
441.5	1.775006745199645e14
442.5	1.8118780764677966e14
443.5	1.837326463817995e14
444.5	1.856498781367799e14
445.5	1.8707047265060125e14
446.5	1.8906594964494744e14
447.5	1.924049394963897e14
448.5	1.9561494192867828e14
449.5	1.9803110447307922e14
450.5	1.9985420640480047e14
451.5	2.0010982154522738e14
452.5	1.9938811076800844e14
453.5	1.991176271452112e14
454.5	1.9947882249948497e14
455.5	2.0009949461374084e14
456.5	2.0126352620407112e14
457.5	2.0265101120700862e14
458.5	2.0374828807209997e14
459.5	2.0474078827855106e14
460.5	2.0567375165916206e14
461.5	2.0637561755071444e14
462.5	2.066111503174987e14
463.5	2.062798079609035e14
464.5	2.0561870216320666e14
465.5	2.047973559624811e14
466.5	2.03879520240616e14
467.5	2.034922337415804e14
468.5	2.0377001551085503e14
469.5	2.0435973394115084e14
470.5	2.0537257352878044e14
471.5	2.0682145405340662e14
472.5	2.0830844651829294e14
473.5	2.0971155909758784e14
474.5	2.1114549306160506e14
475.5	2.1253616517486897e14
476.5	2.1372515794434006e14
477.5	2.1491830078908134e14
478.5	2.159640828869177e14
479.5	2.1657765205029284e14
480.5	2.1646970346320572e14
481.5	2.149287394158261e14
482.5	2.1241466242242962e14
483.5	2.0938077521728325e14
484.5	2.0629468837189362e14
485.5	2.036868654399116e14
486.5	2.021480648103955e14
487.5	2.02084618650521e14
488.5	2.032609161152653e14
489.5	2.0501574513377322e14
490.5	2.0701540256714928e14
491.5	2.0892556715710844e14
492.5	2.1060572518451044e14
493.5	2.1171407614645584e14
494.5	2.1245410386158716e14
495.5	2.1263979017948866e14
496.5	2.123173053653047e14
497.5	2.1185260212376934e14
498.5	2.1115726660934747e14
499.5	2.1043034953179588e14
500.5	2.0996368891219328e14
501.5	2.0986981501204988e14
502.5	2.1023489692753844e14
503.5	2.1096340593362325e14
504.5	2.11903229355039e14
505.5	2.1293063270302397e14
506.5	2.1379676002689747e14
507.5	2.142827059714561e14
508.5	2.1439393276014803e14
509.5	2.1423652052443178e14
510.5	2.135830273550071e14
511.5	2.120966334899508e14
512.5	2.1010371464234162e14
513.5	2.080757852956204e14
514.5	2.0624591224553278e14
515.5	2.0462760411179206e14
516.5	2.033218409986821e14
517.5	2.0275586377504762e14
518.5	2.0339506212027238e14
519.5	2.0480025244825247e14
520.5	2.0631545718338488e14
521.5	2.0777163043238862e14
522.5	2.0935652216439066e14
523.5	2.110890143001137e14
524.5	2.127378651226415e14
525.5	2.1387972899970412e14
526.5	2.1463272529339762e14
527.5	2.1550144221218772e14
528.5	2.167341165029451e14
529.5	2.1797220638709166e14
530.5	2.189510938695113e14
531.5	2.1962664414136553e14
532.5	2.201299473121527e14
533.5	2.205248236666408e14
534.5	2.207399476493678e14
535.5	2.206941731975166e14
536.5	2.2041629599928353e14
537.5	2.2008921649763678e14
538.5	2.198610003124696e14
539.5	2.197567853833799e14
540.5	2.197831357045173e14
541.5	2.1996075176891428e14
542.5	2.2027989006303444e14
543.5	2.2068239964977434e14
544.5	2.211829136923683e14
545.5	2.216672113185545e14
546.5	2.221055696610524e14
547.5	2.2262360359287212e14
548.5	2.2307899600444384e14
549.5	2.2339155295369447e14
550.5	2.23541390515838e14
551.5	2.2350130926889112e14
552.5	2.2337213532950066e14
553.5	2.232518308611412e14
554.5	2.2310437576969762e14
555.5	2.2292119988405403e14
556.5	2.2268160271117812e14
557.5	2.2243486571714197e14
558.5	2.2226090848576353e14
559.5	2.222851214151168e14
560.5	2.224672464977981e14
561.5	2.2270096936763278e14
562.5	2.2289995175893088e14
563.5	2.231581163707351e14
564.5	2.235186328781002e14
565.5	2.2398940670269366e14
566.5	2.245046764479798e14
567.5	2.250203669482189e14
568.5	2.254933237102357e14
569.5	2.2593196508634872e14
570.5	2.2635219409559103e14
571.5	2.268208457102801e14
572.5	2.2731706544974616e14
573.5	2.2779746241725797e14
574.5	2.2821585008137116e14
575.5	2.2855318060510578e14
576.5	2.288090310646688e14
577.5	2.290230586987943e14
578.5	2.2923268900989353e14
579.5	2.293009066176879e14
580.5	2.292018025599724e14
581.5	2.289874875545517e14
582.5	2.2870790998578712e14
583.5	2.2843108250609647e14
584.5	2.2812153590671528e14
585.5	2.277905427333542e14
586.5	2.2747489410273547e14
587.5	2.2720781013658106e14
588.5	2.269933801826424e14
589.5	2.269073173596278e14
590.5	2.2695925023255553e14
591.5	2.2707035014410962e14
592.5	2.2719594658198028e14
593.5	2.2735156410262675e14
594.5	2.275309119857346e14
595.5	2.2770699142701744e14
596.5	2.278720271352056e14
597.5	2.2801041647560144e14
598.5	2.2808957804985188e14
599.5	2.2809361642986406e14
600.5	2.2801825357880978e14
601.5	2.2786701277720984e14
602.5	2.2771008636164547e14
603.5	2.2753043917862253e14
604.5	2.272873241473256e14
605.5	2.2697386929833006e14
606.5	2.2655816665809175e14
607.5	2.260963772530474e14
608.5	2.2564899436746116e14
609.5	2.2521742449404928e14
610.5	2.248361847208321e14
611.5	2.244591167112849e14
612.5	2.240862529980071e14
613.5	2.237069814470569e14
614.5	2.23347937582027e14
615.5	2.230519494856781e14
616.5	2.2289421300838725e14
617.5	2.228419298678053e14
618.5	2.2287147489020912e14
619.5	2.2291607166196016e14
620.5	2.229206218882037e14
621.5	2.2290111208831138e14
622.5	2.2285473144569028e14
623.5	2.228138108576776e14
624.5	2.2279869946523138e14
625.5	2.228095273987495e14
626.5	2.2285050112334138e14
627.5	2.2287549808834153e14
628.5	2.2281492781025884e14
629.5	2.227107107123291e14
630.5	2.2256537999962994e14
631.5	2.2241435716644638e14
632.5	2.2230426359663538e14
633.5	2.2220782178997506e14
634.5	2.2212510331818434e14
635.5	2.220492882639976e14
636.5	2.219279579343354e14
637.5	2.217553735786539e14
638.5	2.215700754831059e14
639.5	2.2137478554184578e14
640.5	2.2119030184570416e14
641.5	2.2106537883264225e14
642.5	2.2086652874058188e14
643.5	2.2049990477987922e14
644.5	2.2003881699456316e14
645.5	2.1953043548500138e14
646.5	2.1900960591846853e14
647.5	2.185099865223596e14
648.5	2.1803731387837806e14
649.5	2.1759454194655438e14
650.5	2.1717617705526072e14
651.5	2.1677951682990262e14
652.5	2.16386274696327e14
653.5	2.1602907542968616e14
654.5	2.1573932383265247e14
655.5	2.1554150719283475e14
656.5	2.154958563648615e14
657.5	2.1565013245799047e14
658.5	2.1588671385889706e14
659.5	2.1618309234643944e14
660.5	2.1651089081853412e14
661.5	2.1681286491318253e14
662.5	2.1709464493893003e14
663.5	2.1735182272855078e14
664.5	2.17581405282895e14
665.5	2.1779770260804234e14
666.5	2.1801800252734238e14
667.5	2.1821481824751694e14
668.5	2.1835179892635634e14
669.5	2.1841560945134466e14
670.5	2.1840737870368288e14
671.5	2.1830348584732775e14
672.5	2.1813267885599644e14
673.5	2.1795601491234347e14
674.5	2.177910290874744e14
675.5	2.1760701386076494e14
676.5	2.1742443223727134e14
677.5	2.1724770539725944e14
678.5	2.1705037783085347e14
679.5	2.1683973358707125e14
680.5	2.1663490725649134e14
681.5	2.1642262879179647e14
682.5	2.162013919336321e14
683.5	2.1599043537689512e14
684.5	2.157705117513287e14
685.5	2.1553712830494828e14
686.5	2.153036331633098e14
687.5	2.1505213990323366e14
688.5	2.1479004318457544e14
689.5	2.145337535349198e14
690.5	2.142623373109382e14
691.5	2.1399373298796934e14
692.5	2.1373997545897122e14
693.5	2.1347707084742662e14
694.5	2.1322004921428328e14
695.5	2.1297950208950325e14
696.5	2.1272378501359797e14
697.5	2.1247099261838353e14
698.5	2.1223174896642162e14
699.5	2.1198791388025684e14
700.5	2.117501092536107e14
701.5	2.1152445338402053e14
702.5	2.112942451193468e14
703.5	2.1105489410980672e14
704.5	2.1082011935258972e14
705.5	2.1057005535804953e14
706.5	2.1030924042380988e14
707.5	2.1005911787059062e14
708.5	2.0980130027318066e14
709.5	2.0953422281354612e14
710.5	2.0927942641020538e14
711.5	2.090169089365943e14
712.5	2.0874509906815934e14
713.5	2.0847324907618503e14
714.5	2.0819516692257538e14
715.5	2.0791393669775856e14
716.5	2.076528615027233e14
717.5	2.073949148593355e14
718.5	2.0714011628715475e14
719.5	2.0690721106998638e14
720.5	2.0668535826127234e14
721.5	2.064605265508684e14
722.5	2.06245245327244e14
723.5	2.0604583675889303e14
724.5	2.0582308930369406e14
725.5	2.0559422029769784e14
726.5	2.0537339118144662e14
727.5	2.051590631629862e14
728.5	2.0494968877500266e14
729.5	2.047421297060686e14
730.5	2.0457283873387178e14
731.5	2.0439438332840884e14
732.5	2.0421944035926703e14
733.5	2.040368934372129e14
734.5	2.0386105365274612e14
735.5	2.0366483544798156e14
736.5	2.034625369003791e14
737.5	2.032797308019493e14
738.5	2.0309728147769353e14
739.5	2.0292481857705006e14
740.5	2.027672057236371e14
741.5	2.0263094076198562e14
742.5	2.025145044197012e14
743.5	2.0240346848892603e14
744.5	2.022978589957397e14
745.5	2.021896176152576e14
746.5	2.0208197591902547e14
747.5	2.0196197075058094e14
748.5	2.0183280331771025e14
749.5	2.0168956445115597e14
750.5	2.015484792426854e14
751.5	2.014128204718038e14
752.5	2.01272821852155e14
753.5	2.011399099170873e14
754.5	2.009895713529122e14
755.5	2.0084959659050303e14
756.5	2.0068885735428262e14
757.5	2.005138471511019e14
758.5	2.0033109418925125e14
759.5	2.0015375031426966e14
760.5	1.9996039931593697e14
761.5	1.997608920653677e14
762.5	1.9956017026441875e14
763.5	1.9936982527827556e14
764.5	1.991766380273601e14
765.5	1.989889032401131e14
766.5	1.9880830935844612e14
767.5	1.986432118383189e14
768.5	1.9849200899141838e14
769.5	1.9834140799760766e14
770.5	1.981947575457907e14
771.5	1.9805040389549506e14
772.5	1.9791506177524806e14
773.5	1.977585734653563e14
774.5	1.9759933831965062e14
775.5	1.9743230402543597e14
776.5	1.9726754918202294e14
777.5	1.970983417101648e14
778.5	1.9693142236446812e14
779.5	1.9676173232571806e14
780.5	1.9659434342616938e14
781.5	1.9643265857572484e14
782.5	1.9625464127593462e14
783.5	1.960704286847884e14
784.5	1.9587659837282378e14
785.5	1.9568504317398088e14
786.5	1.9547189500446066e14
787.5	1.9524219967043838e14
788.5	1.950061593951027e14
789.5	1.9477745305210372e14
790.5	1.9453553955814656e14
791.5	1.9428895655174788e14
792.5	1.9406175429926378e14
793.5	1.9385573185344384e14
794.5	1.9364340350542988e14
795.5	1.934351016088083e14
796.5	1.9323430064520072e14
797.5	1.930462220968195e14
798.5	1.9284147709773816e14
799.5	1.9262000708927772e14
800.5	1.9238348966914997e14
801.5	1.9215447101319625e14
802.5	1.919242811836623e14
803.5	1.9169989083219088e14
804.5	1.9147958115311094e14
805.5	1.9127385366952612e14
806.5	1.9107926860125416e14
807.5	1.9088711480258134e14
808.5	1.906956517794369e14
809.5	1.9050313036239028e14
810.5	1.903200976201843e14
811.5	1.9011667236022084e14
812.5	1.899086426530147e14
813.5	1.8969070243159488e14
814.5	1.894698852439635e14
815.5	1.8924441589461022e14
816.5	1.8901073965483478e14
817.5	1.8878478773858956e14
818.5	1.885754686560251e14
819.5	1.8838462483669022e14
820.5	1.8818385532126216e14
821.5	1.879998531075925e14
822.5	1.8782376390652984e14
823.5	1.8765919233009372e14
824.5	1.874900900469738e14
825.5	1.8730570177979062e14
826.5	1.8711314566130453e14
827.5	1.8690162737501694e14
828.5	1.8668545692700756e14
829.5	1.8643043930199047e14
830.5	1.8615084763576622e14
831.5	1.8585381090529488e14
832.5	1.855627428224033e14
833.5	1.8524693803530716e14
834.5	1.8492622082569356e14
835.5	1.8460601437789147e14
836.5	1.8432260989101116e14
837.5	1.840361831256416e14
838.5	1.8374854614757244e14
839.5	1.8345605747450478e14
840.5	1.8315688118340938e14
841.5	1.8281449617813972e14
842.5	1.8246749045932753e14
843.5	1.82103961107927e14
844.5	1.8172037410765928e14
845.5	1.8132931599592703e14
846.5	1.8093535510878753e14
847.5	1.8054896336467897e14
848.5	1.8018875927871056e14
849.5	1.7985410347686106e14
850.5	1.7953955715915375e14
851.5	1.7924741192189425e14
852.5	1.789884748777371e14
853.5	1.7875731373322538e14
854.5	1.7854865549619775e14
855.5	1.783599851798325e14
856.5	1.7819490576951897e14
857.5	1.7804885370064788e14
858.5	1.7791333362708194e14
859.5	1.7778596188525916e14
860.5	1.776516527834868e14
861.5	1.7751524283488375e14
862.5	1.773868288570165e14
863.5	1.7727074885513806e14
864.5	1.7717698567427478e14
865.5	1.7710730876251094e14
866.5	1.7705579024645828e14
867.5	1.7702287148504912e14
868.5	1.770169068498233e14
869.5	1.7703931140041506e14
870.5	1.770713049346957e14
871.5	1.77104983332302e14
872.5	1.7713145987992538e14
873.5	1.7713915481567412e14
874.5	1.7713616062366244e14
875.5	1.7712168264092762e14
876.5	1.7709321184495775e14
877.5	1.7704289909548272e14
878.5	1.7698172240974622e14
879.5	1.769136523915114e14
880.5	1.7684344172823262e14
881.5	1.7678408567520344e14
882.5	1.767272016659648e14
883.5	1.7666800968567894e14
884.5	1.7660592837679362e14
885.5	1.7653960557603347e14
886.5	1.764690289210108e14
887.5	1.7639014387385562e14
888.5	1.7630119009561166e14
889.5	1.7619847025635078e14
890.5	1.7608136070614162e14
891.5	1.7595174876952044e14
892.5	1.7581249829121712e14
893.5	1.7566435448464322e14
894.5	1.7551000606070144e14
895.5	1.7534807526380503e14
896.5	1.7517951150364803e14
897.5	1.7500448991405747e14
898.5	1.7482377110720866e14
899.5	1.7463909460119425e14
900.5	1.7445201241789225e14
901.5	1.7426388799854575e14
902.5	1.7408000561328412e14
903.5	1.7390175386189375e14
904.5	1.737256231275458e14
905.5	1.7355123039310272e14
906.5	1.733795671437538e14
907.5	1.7321340060240856e14
908.5	1.730488108077168e14
909.5	1.7288481928752903e14
910.5	1.7271925839474356e14
911.5	1.72553113975566e14
912.5	1.7238500133412134e14
913.5	1.7221372782531388e14
914.5	1.7203849227966094e14
915.5	1.7185729871374412e14
916.5	1.716665522753236e14
917.5	1.7147219406771184e14
918.5	1.7127760151694197e14
919.5	1.7108437197364722e14
920.5	1.7090169611405725e14
921.5	1.7072661314629578e14
922.5	1.705547487370402e14
923.5	1.7038411297562397e14
924.5	1.7021711847962266e14
925.5	1.7005337811110262e14
926.5	1.6988928790869647e14
927.5	1.6972283757464197e14
928.5	1.695526122661889e14
929.5	1.6937416716271588e14
930.5	1.6918848724289228e14
931.5	1.6899777398772338e14
932.5	1.688044406654363e14
933.5	1.6860746911411044e14
934.5	1.684074582589016e14
935.5	1.682070385773596e14
936.5	1.6800925804872722e14
937.5	1.678143310628351e14
938.5	1.6762959697411962e14
939.5	1.674557022053322e14
940.5	1.6728860425566453e14
941.5	1.6712975657321838e14
942.5	1.6698082309201372e14
943.5	1.6686496084166762e14
944.5	1.6675585192520006e14
945.5	1.6663896023496528e14
946.5	1.665035884016108e14
947.5	1.6633776095839388e14
948.5	1.6613171498066034e14
949.5	1.6591147882525516e14
950.5	1.656858745740562e14
951.5	1.6546355524786597e14
952.5	1.6525527612406397e14
953.5	1.6507618036860188e14
954.5	1.649249132155964e14
955.5	1.6479762703451012e14
956.5	1.6468796831711188e14
957.5	1.645901796608342e14
958.5	1.6449619265568666e14
959.5	1.6440955866866766e14
960.5	1.6432988579039578e14
961.5	1.642555291726426e14
962.5	1.6418608953197084e14
963.5	1.6412012101121872e14
964.5	1.6405470738817138e14
965.5	1.639883861055992e14
966.5	1.6391968853352097e14
967.5	1.6384525145180512e14
968.5	1.63765058594152e14
969.5	1.6367951423233066e14
970.5	1.6358818242950856e14
971.5	1.6349167902779334e14
972.5	1.6338914603409534e14
973.5	1.6327993312175153e14
974.5	1.6316423277530875e14
975.5	1.6304118049515734e14
976.5	1.6290884937543184e14
977.5	1.6276763674761347e14
978.5	1.6261963944617906e14
979.5	1.624656883537187e14
980.5	1.6230831906103362e14
981.5	1.6215029044099975e14
982.5	1.6199245484772256e14
983.5	1.6183310844052675e14
984.5	1.6166989987156578e14
985.5	1.6150431555530878e14
986.5	1.613346386380405e14
987.5	1.6116235791995388e14
988.5	1.6098811071467238e14
989.5	1.6080931783771116e14
990.5	1.6062854546051516e14
991.5	1.604436392743487e14
992.5	1.6025717195717634e14
993.5	1.6006978732914147e14
994.5	1.5988234750412944e14
995.5	1.5969593397418828e14
996.5	1.5951357769316694e14
997.5	1.593342112664773e14
998.5	1.59157629196533e14
999.5	1.5898492577153756e14
1000.5	1.5881633164762103e14
1001.5	1.5865555369760722e14
1002.5	1.5849957333003497e14
1003.5	1.5834753623884238e14
1004.5	1.5820076324756744e14
1005.5	1.580586176932387e14
1006.5	1.5792548106635075e14
1007.5	1.5779570071930638e14
1008.5	1.5766688236122788e14
1009.5	1.5753859265789047e14
1010.5	1.574071091208227e14
1011.5	1.5726935264792828e14
1012.5	1.5712903943804288e14
1013.5	1.5698748250688025e14
1014.5	1.5684423984485603e14
1015.5	1.5670151065569312e14
1016.5	1.565595186552338e14
1017.5	1.564180470679238e14
1018.5	1.5627687825067278e14
1019.5	1.5613734148549428e14
1020.5	1.5599988593914478e14
1021.5	1.5586828571848703e14
1022.5	1.5573745912304422e14
1023.5	1.556078540182689e14
1024.5	1.554770314351801e14
1025.5	1.5534587907997475e14
1026.5	1.5521350707761588e14
1027.5	1.550792449312288e14
1028.5	1.5494175034575997e14
1029.5	1.548016853596084e14
1030.5	1.546574796241983e14
1031.5	1.5450778043404447e14
1032.5	1.5435391707116056e14
1033.5	1.5419677572355575e14
1034.5	1.540363485834061e14
1035.5	1.538739753431571e14
1036.5	1.5371055129994578e14
1037.5	1.5354427501529838e14
1038.5	1.533767166209065e14
1039.5	1.5320787416481425e14
1040.5	1.5303819703066188e14
1041.5	1.528715246073952e14
1042.5	1.5270334527412166e14
1043.5	1.5253365642823356e14
1044.5	1.523608697197835e14
1045.5	1.521856582482541e14
1046.5	1.5200847074663394e14
1047.5	1.5182657707917688e14
1048.5	1.5164019293701712e14
1049.5	1.514486243998085e14
1050.5	1.5125140278123484e14
1051.5	1.5104395269650884e14
1052.5	1.5083035568555822e14
1053.5	1.5061105310731538e14
1054.5	1.5038786028082984e14
1055.5	1.5016053917591572e14
1056.5	1.4993320451575172e14
1057.5	1.4970356470403247e14
1058.5	1.4947207432961434e14
1059.5	1.492387301392373e14
1060.5	1.4900283886320706e14
1061.5	1.4876600685284262e14
1062.5	1.4852846389673812e14
1063.5	1.4828974868263334e14
1064.5	1.4805032165525247e14
1065.5	1.478097206347993e14
1066.5	1.4756863824031622e14
1067.5	1.4732684359878922e14
1068.5	1.4708595889406875e14
1069.5	1.4684645259558722e14
1070.5	1.466097236051211e14
1071.5	1.4637810559447103e14
1072.5	1.4615208004610916e14
1073.5	1.4593166452763894e14
1074.5	1.4571524531368566e14
1075.5	1.455040017109795e14
1076.5	1.4529841693706422e14
1077.5	1.450985085595437e14
1078.5	1.4490406023663144e14
1079.5	1.447169618954717e14
1080.5	1.4453489222665153e14
1081.5	1.443604470062813e14
1082.5	1.4419458811488488e14
1083.5	1.4403640095264962e14
1084.5	1.4388426181753678e14
1085.5	1.437386597829581e14
1086.5	1.4359820050170116e14
1087.5	1.434633713121055e14
1088.5	1.433339530528931e14
1089.5	1.4320901680990738e14
1090.5	1.430881032228441e14
1091.5	1.4297122465409106e14
1092.5	1.4285720873720597e14
1093.5	1.427458274186666e14
1094.5	1.4263756391601688e14
1095.5	1.425317151997826e14
1096.5	1.424287647043916e14
1097.5	1.4232848350878584e14
1098.5	1.4223183305972106e14
1099.5	1.421376320985111e14
1100.5	1.4204421766711397e14
1101.5	1.4195087632562366e14
1102.5	1.4185641380231412e14
1103.5	1.4175987081926956e14
1104.5	1.4166076372517803e14
1105.5	1.415600457252036e14
1106.5	1.414572336018023e14
1107.5	1.4135136200430638e14
1108.5	1.412419429437241e14
1109.5	1.4112944922716744e14
1110.5	1.4101315114843062e14
1111.5	1.408949681308815e14
1112.5	1.4077489627060806e14
1113.5	1.406526901633685e14
1114.5	1.405290704062407e14
1115.5	1.404050021330084e14
1116.5	1.4027830598483419e14
1117.5	1.4015091504877775e14
1118.5	1.4002137316568738e14
1119.5	1.3989258940060627e14
1120.5	1.3976262285865103e14
1121.5	1.3963147158786564e14
1122.5	1.3949815982715067e14
1123.5	1.3936317036028181e14
1124.5	1.3922576827583739e14
1125.5	1.3908643657447747e14
1126.5	1.3894370543335862e14
1127.5	1.3880172416865717e14
1128.5	1.3865657997619486e14
1129.5	1.3851243019685584e14
1130.5	1.3836780761040473e14
1131.5	1.382224668125997e14
1132.5	1.38075915910537e14
1133.5	1.3793110300837911e14
1134.5	1.3778532735816144e14
1135.5	1.3764277427880358e14
1136.5	1.3750148162079053e14
1137.5	1.3736071382204872e14
1138.5	1.3722022656275612e14
1139.5	1.3708026893418275e14
1140.5	1.369415856075299e14
1141.5	1.3680319084503417e14
1142.5	1.3666533438861752e14
1143.5	1.3652504275868966e14
1144.5	1.3638305542123628e14
1145.5	1.3623713315743706e14
1146.5	1.3608527759814947e14
1147.5	1.3593095867043119e14
1148.5	1.3577317480398719e14
1149.5	1.3561366334807017e14
1150.5	1.354531696245336e14
1151.5	1.3529169233207358e14
1152.5	1.3513047996341514e14
1153.5	1.3496878394344481e14
1154.5	1.348066042721626e14
1155.5	1.3464444216848406e14
1156.5	1.3448355306542212e14
1157.5	1.3432594986334708e14
1158.5	1.3416812468050175e14
1159.5	1.3400982669054436e14
1160.5	1.3385105589347486e14
1161.5	1.3369433139691098e14
1162.5	1.3353562566504047e14
1163.5	1.3337695355018934e14
1164.5	1.3321806379224788e14
1165.5	1.330574403720815e14
1166.5	1.3289583902197555e14
1167.5	1.3273021989583714e14
1168.5	1.3256209445823673e14
1169.5	1.3239323302479475e14
1170.5	1.3222414267029458e14
1171.5	1.320548240453883e14
1172.5	1.3188654928315642e14
1173.5	1.3172110388109902e14
1174.5	1.315556942649011e14
1175.5	1.3139312615438138e14
1176.5	1.312331528439941e14
1177.5	1.3107501599884603e14
1178.5	1.3092076625712261e14
1179.5	1.3077015886523405e14
1180.5	1.3062218010738134e14
1181.5	1.3047709403983e14
1182.5	1.3033670437833581e14
1183.5	1.3019974072489006e14
1184.5	1.3006801113292845e14
1185.5	1.2993973010495095e14
1186.5	1.2981362073642894e14
1187.5	1.2968968953388233e14
1188.5	1.295676852372014e14
1189.5	1.2944477588360362e14
1190.5	1.2932302577496639e14
1191.5	1.2920088831151172e14
1192.5	1.2908120846906167e14
1193.5	1.28963475702689e14
1194.5	1.2884950934379705e14
1195.5	1.2873724552427647e14
1196.5	1.2862798695785148e14
1197.5	1.2852200182158344e14
1198.5	1.2841981909553961e14
1199.5	1.283214491901517e14
1200.5	1.2823002694670314e14
1201.5	1.2814452823896305e14
1202.5	1.280615782435062e14
1203.5	1.2798014003794597e14
1204.5	1.2790126312394069e14
1205.5	1.2782103285379814e14
1206.5	1.2773866161328553e14
1207.5	1.276578112717974e14
1208.5	1.2757586534080172e14
1209.5	1.274933465107296e14
1210.5	1.2741182935939464e14
1211.5	1.2732868959044097e14
1212.5	1.272449758379909e14
1213.5	1.2716226658377002e14
1214.5	1.2707714080806169e14
1215.5	1.2699117504063547e14
1216.5	1.269056871770952e14
1217.5	1.2681856671927239e14
1218.5	1.2672981041390702e14
1219.5	1.2664100194794061e14
1220.5	1.2655002431668453e14
1221.5	1.2645766773697961e14
1222.5	1.263657855910168e14
1223.5	1.2626986875206967e14
1224.5	1.2617336057890652e14
1225.5	1.2607572883820025e14
1226.5	1.2597484351222256e14
1227.5	1.2587069744380172e14
1228.5	1.257643492437238e14
1229.5	1.2565526103967789e14
1230.5	1.2554396072731119e14
1231.5	1.2543097793734273e14
1232.5	1.253171113450891e14
1233.5	1.2520048696437977e14
1234.5	1.2508243765581434e14
1235.5	1.2496349673713997e14
1236.5	1.248439310841141e14
1237.5	1.2472239807635725e14
1238.5	1.2460157991825236e14
1239.5	1.2448174804012092e14
1240.5	1.2436075333844294e14
1241.5	1.2423805533829967e14
1242.5	1.2411311182970011e14
1243.5	1.2398537886758131e14
1244.5	1.238543107718086e14
1245.5	1.2371936012717511e14
1246.5	1.2358159985881073e14
1247.5	1.2344075354806225e14
1248.5	1.2329681468840966e14
1249.5	1.231489637836728e14
1250.5	1.229950226678762e14
1251.5	1.2283932056247119e14
1252.5	1.2268294080301958e14
1253.5	1.225258827388693e14
1254.5	1.223700502861825e14
1255.5	1.2221817032744534e14
1256.5	1.2206889069938244e14
1257.5	1.2192003670616242e14
1258.5	1.2177324799079772e14
1259.5	1.2162771091297602e14
1260.5	1.2148424952344136e14
1261.5	1.2134314327722328e14
1262.5	1.2120220815247822e14
1263.5	1.2106308964808672e14
1264.5	1.2092469597001103e14
1265.5	1.2078840205434602e14
1266.5	1.2065064287040169e14
1267.5	1.2051361501929308e14
1268.5	1.203784215730256e14
1269.5	1.202450677368153e14
1270.5	1.2011383426699527e14
1271.5	1.1998417548343088e14
1272.5	1.1985775184999816e14
1273.5	1.1973457182517298e14
1274.5	1.196135381928177e14
1275.5	1.194957633509497e14
1276.5	1.1938070205320217e14
1277.5	1.192697468032736e14
1278.5	1.1916096700827056e14
1279.5	1.1905686605172092e14
1280.5	1.1895690020544583e14
1281.5	1.1886107987987714e14
1282.5	1.1877330963760117e14
1283.5	1.1869249551574047e14
1284.5	1.1861531138132673e14
1285.5	1.1854065112597867e14
1286.5	1.1846684712864819e14
1287.5	1.1839585665896047e14
1288.5	1.1831762649303234e14
1289.5	1.1824025085004983e14
1290.5	1.1816009377825608e14
1291.5	1.1808135100700253e14
1292.5	1.1799982160172183e14
1293.5	1.1791802456158958e14
1294.5	1.1783399459227284e14
1295.5	1.1774913200529411e14
1296.5	1.1766456025975444e14
1297.5	1.1757802940107575e14
1298.5	1.1749347825951578e14
1299.5	1.1740724811049798e14
1300.5	1.1732300245004684e14
1301.5	1.1723707691460195e14
1302.5	1.171517281821454e14
1303.5	1.1706611007976536e14
1304.5	1.1697852505642231e14
1305.5	1.1689265005494856e14
1306.5	1.168042392457894e14
1307.5	1.167164067578066e14
1308.5	1.1662688420128211e14
1309.5	1.1653652035173572e14
1310.5	1.1644389277547739e14
1311.5	1.1634871247458194e14
1312.5	1.1625524414751175e14
1313.5	1.1615921919189244e14
1314.5	1.1606547900073278e14
1315.5	1.1597231756451744e14
1316.5	1.1588202105745192e14
1317.5	1.1579288216871698e14
1318.5	1.1570233049762984e14
1319.5	1.1561322522591434e14
1320.5	1.155221335136762e14
1321.5	1.1542905145700348e14
1322.5	1.1533454881015462e14
1323.5	1.1523919706246008e14
1324.5	1.1514443122688162e14
1325.5	1.1504852837695233e14
1326.5	1.1495551431341247e14
1327.5	1.1486136540436167e14
1328.5	1.1476838474095723e14
1329.5	1.1467542218736655e14
1330.5	1.1458190126592725e14
1331.5	1.1448926523119306e14
1332.5	1.1439462670652048e14
1333.5	1.1430232001013477e14
1334.5	1.1420714122742727e14
1335.5	1.1411227063687866e14
1336.5	1.1401539061610373e14
1337.5	1.139167873435357e14
1338.5	1.138152963689983e14
1339.5	1.1371236441718897e14
1340.5	1.1360944255048555e14
1341.5	1.1350362192072875e14
1342.5	1.1339780833970189e14
1343.5	1.1329054553981138e14
1344.5	1.1318183091844922e14
1345.5	1.1307428822976134e14
1346.5	1.1296470834969572e14
1347.5	1.1285542538382114e14
1348.5	1.1274585569730336e14
1349.5	1.1263629197509544e14
1350.5	1.1252849227887192e14
1351.5	1.1241835750110162e14
1352.5	1.1230969645008653e14
1353.5	1.1220075171480428e14
1354.5	1.1209093575650864e14
1355.5	1.1198259916395208e14
1356.5	1.1187280380963612e14
1357.5	1.1176478571122822e14
1358.5	1.116570762387472e14
1359.5	1.1154908698591084e14
1360.5	1.114437686594897e14
1361.5	1.113369937401489e14
1362.5	1.1123319219195625e14
1363.5	1.1112852679480611e14
1364.5	1.1102654750595084e14
1365.5	1.1092518774623117e14
1366.5	1.1082444946760305e14
1367.5	1.1072611415521256e14
1368.5	1.1062662599593947e14
1369.5	1.1053073539995594e14
1370.5	1.1043369499346572e14
1371.5	1.1033847738852286e14
1372.5	1.1024270575341133e14
1373.5	1.1014786888832411e14
1374.5	1.1005277696765717e14
1375.5	1.0995623669566255e14
1376.5	1.0985794692891133e14
1377.5	1.0975760565643853e14
1378.5	1.096576007710441e14
1379.5	1.0955613842519414e14
1380.5	1.0945561128313645e14
1381.5	1.0935332532031033e14
1382.5	1.0925347507320531e14
1383.5	1.0915036527651905e14
1384.5	1.0904879383801889e14
1385.5	1.0894545924107038e14
1386.5	1.088406589420745e14
1387.5	1.0873499219151316e14
1388.5	1.0862695197093767e14
1389.5	1.0851924596860056e14
1390.5	1.0840885971383645e14
1391.5	1.082994095304007e14
1392.5	1.0818666986739214e14
1393.5	1.080739587246291e14
1394.5	1.0796006697383188e14
1395.5	1.0784469000142762e14
1396.5	1.0772994535431472e14
1397.5	1.0761341022136994e14
1398.5	1.074981144720223e14
1399.5	1.0738132959715567e14
1400.5	1.072642679783097e14
1401.5	1.0714662565256348e14
1402.5	1.0702809778946017e14
1403.5	1.0690990067445123e14
1404.5	1.0678807563239331e14
1405.5	1.0666779762388134e14
1406.5	1.0654632512675948e14
1407.5	1.0642426671752142e14
1408.5	1.0630192722662408e14
1409.5	1.061774724661103e14
1410.5	1.0605487542546727e14
1411.5	1.059304670781287e14
1412.5	1.0580822670321769e14
1413.5	1.0568662667830598e14
1414.5	1.0556750964982652e14
1415.5	1.0545118847294411e14
1416.5	1.0533429027618939e14
1417.5	1.0521927387342906e14
1418.5	1.0510491321943177e14
1419.5	1.0499028666565489e14
1420.5	1.0487508612838164e14
1421.5	1.04761160760565e14
1422.5	1.0464882233294975e14
1423.5	1.0453745728071008e14
1424.5	1.0442861296271812e14
1425.5	1.0432013105788405e14
1426.5	1.0421572548776152e14
1427.5	1.0411107093481117e14
1428.5	1.0400988522449858e14
1429.5	1.0390845573657402e14
1430.5	1.0381019524916234e14
1431.5	1.0371138528614581e14
1432.5	1.036160641190947e14
1433.5	1.0351988691091003e14
1434.5	1.0342689692149375e14
1435.5	1.0333149724243598e14
1436.5	1.0323866818094502e14
1437.5	1.0314405080246211e14
1438.5	1.0305356961867373e14
1439.5	1.0296192626199088e14
1440.5	1.028753672083926e14
1441.5	1.0279077713615528e14
1442.5	1.027094120205018e14
1443.5	1.0262846137016538e14
1444.5	1.0254980622004636e14
1445.5	1.0247125723464358e14
1446.5	1.023909327284046e14
1447.5	1.0231259672308627e14
1448.5	1.0223028480034669e14
1449.5	1.0214996224606367e14
1450.5	1.0206722935148717e14
1451.5	1.0198208156205319e14
1452.5	1.0189514437120731e14
1453.5	1.018054688030234e14
1454.5	1.0171525785669447e14
1455.5	1.0162261683362836e14
1456.5	1.0153133187774948e14
1457.5	1.0143856126649555e14
1458.5	1.0134778197565417e14
1459.5	1.0125361734251362e14
1460.5	1.0116176252393434e14
1461.5	1.0106651715783997e14
1462.5	1.0097358420891478e14
1463.5	1.0087852514617323e14
1464.5	1.0078355945199217e14
1465.5	1.0068423796807025e14
1466.5	1.005840509001189e14
1467.5	1.0047822278786427e14
1468.5	1.0036419461703333e14
1469.5	1.0024418109855492e14
1470.5	1.001232733673596e14
1471.5	9.999891696373816e13
1472.5	9.987525708307102e13
1473.5	9.974941947019642e13
1474.5	9.962587735753928e13
1475.5	9.95020758516225e13
1476.5	9.937993632776983e13
1477.5	9.925754001326545e13
1478.5	9.913873486397275e13
1479.5	9.902352868771566e13
1480.5	9.891064490529148e13
1481.5	9.880073134919747e13
1482.5	9.869250840385508e13
1483.5	9.858694521540197e13
1484.5	9.848597942546167e13
1485.5	9.838607680087153e13
1486.5	9.82911087209665e13
1487.5	9.81962463720097e13
1488.5	9.810601005025319e13
1489.5	9.801491768736311e13
1490.5	9.792781696598394e13
1491.5	9.784148151978594e13
1492.5	9.775817919627697e13
1493.5	9.76785643344741e13
1494.5	9.759875514461047e13
1495.5	9.752394122695095e13
1496.5	9.744991362222025e13
1497.5	9.738057168778883e13
1498.5	9.73162501841051e13
1499.5	9.725598386894325e13
1500.5	9.72056390206368e13
1501.5	9.716132799355098e13
1502.5	9.711882686341481e13
1503.5	9.708074821484831e13
1504.5	9.70471011569794e13
1505.5	9.701626220465334e13
1506.5	9.698562332781394e13
1507.5	9.69574738454847e13
1508.5	9.692985594583053e13
1509.5	9.68981875206604e13
1510.5	9.68627883654269e13
1511.5	9.682299568263725e13
1512.5	9.677978512494895e13
1513.5	9.673282193191369e13
1514.5	9.66850551836719e13
1515.5	9.663812701740208e13
1516.5	9.658875033925531e13
1517.5	9.65382370805257e13
1518.5	9.64895493343934e13
1519.5	9.64370885658185e13
1520.5	9.63818369339784e13
1521.5	9.633038901366647e13
1522.5	9.627317664205731e13
1523.5	9.62134929857517e13
1524.5	9.615298668844792e13
1525.5	9.608470846157664e13
1526.5	9.601096085408522e13
1527.5	9.593140216523742e13
1528.5	9.584370078363033e13
1529.5	9.575381212692e13
1530.5	9.565841288163017e13
1531.5	9.555848911085042e13
1532.5	9.545635897917569e13
1533.5	9.534869266660989e13
1534.5	9.523947346463023e13
1535.5	9.512436944073539e13
1536.5	9.500803492548719e13
1537.5	9.488780029377452e13
1538.5	9.476566044459584e13
1539.5	9.463760540974248e13
1540.5	9.450729933589098e13
1541.5	9.437072639896469e13
1542.5	9.42248639951484e13
1543.5	9.407304216132227e13
1544.5	9.391658974573183e13
1545.5	9.375784464941594e13
1546.5	9.359546132406114e13
1547.5	9.343446768291302e13
1548.5	9.327150853054788e13
1549.5	9.310691667545817e13
1550.5	9.29423709082177e13
1551.5	9.277349743771389e13
1552.5	9.260432900497506e13
1553.5	9.243048552925273e13
1554.5	9.225533001379445e13
1555.5	9.207852314358788e13
1556.5	9.190107505584611e13
1557.5	9.172129611579545e13
1558.5	9.1540196460649e13
1559.5	9.135743590785844e13
1560.5	9.117605788210266e13
1561.5	9.099809762280347e13
1562.5	9.082390116837706e13
1563.5	9.065652820980208e13
1564.5	9.049463515072105e13
1565.5	9.033755398842517e13
1566.5	9.018563423147466e13
1567.5	9.003684649631553e13
1568.5	8.98932383847574e13
1569.5	8.975005471518012e13
1570.5	8.961479034784589e13
1571.5	8.948337089999906e13
1572.5	8.935989678047478e13
1573.5	8.924301853704775e13
1574.5	8.913650550513261e13
1575.5	8.903388554095206e13
1576.5	8.893790179329212e13
1577.5	8.884583019915844e13
1578.5	8.875562445804544e13
1579.5	8.867002902004298e13
1580.5	8.858459678724781e13
1581.5	8.850275843071427e13
1582.5	8.842417788869e13
1583.5	8.834542730961264e13
1584.5	8.826856860963545e13
1585.5	8.8192917953518e13
1586.5	8.811813385740798e13
1587.5	8.8048349913392e13
1588.5	8.798081971942416e13
1589.5	8.79183057269661e13
1590.5	8.786047274180138e13
1591.5	8.780525884777667e13
1592.5	8.774956076023011e13
1593.5	8.769545145639889e13
1594.5	8.764466329720386e13
1595.5	8.75895899440088e13
1596.5	8.753472490789227e13
1597.5	8.748110825605873e13
1598.5	8.742666245670714e13
1599.5	8.736791714901178e13
1600.5	8.730729438500192e13
1601.5	8.724791696889916e13
1602.5	8.718492171085314e13
1603.5	8.71200409717848e13
1604.5	8.705605542141142e13
1605.5	8.698913673187134e13
1606.5	8.692137024278944e13
1607.5	8.685728698617572e13
1608.5	8.679305668221245e13
1609.5	8.673007563006822e13
1610.5	8.666974359905548e13
1611.5	8.66148618628712e13
1612.5	8.65622933029501e13
1613.5	8.651204247385605e13
1614.5	8.647006663675902e13
1615.5	8.643427915073005e13
1616.5	8.64018869836641e13
1617.5	8.637500150126562e13
1618.5	8.635363311396648e13
1619.5	8.634270964304797e13
1620.5	8.633346409516723e13
1621.5	8.63297681749853e13
1622.5	8.633339176435445e13
1623.5	8.634364430463025e13
1624.5	8.639471397925253e13
1625.5	8.659808046365303e13
1626.5	8.67719997403321e13
1627.5	8.685605779612638e13
1628.5	8.67992285500968e13
1629.5	8.65888829555775e13
1630.5	8.646591385043877e13
1631.5	8.636572873444336e13
1632.5	8.626323141816278e13
1633.5	8.615487519760462e13
1634.5	8.604135865612111e13
1635.5	8.592551039479277e13
1636.5	8.580271241112711e13
1637.5	8.567934499852903e13
1638.5	8.554901094664198e13
1639.5	8.541880951931873e13
1640.5	8.528233699968275e13
1641.5	8.514599059809066e13
1642.5	8.500513994966222e13
1643.5	8.486369818390173e13
1644.5	8.471845465856908e13
1645.5	8.457297169330445e13
1646.5	8.44247495916078e13
1647.5	8.427735696275523e13
1648.5	8.412686289275475e13
1649.5	8.397755517821438e13
1650.5	8.382585675138211e13
1651.5	8.367642009930584e13
1652.5	8.352459056609783e13
1653.5	8.337610213085366e13
1654.5	8.322521994694167e13
1655.5	8.307768493374553e13
1656.5	8.292991091438538e13
1657.5	8.278513325587688e13
1658.5	8.264048019722431e13
1659.5	8.249991149799114e13
1660.5	8.235947347136578e13
1661.5	8.222313064835962e13
1662.5	8.208908798857686e13
1663.5	8.194472251810342e13
1664.5	8.1771243841263e13
1665.5	8.16108626805206e13
1666.5	8.146432598435964e13
1667.5	8.133238243633561e13
1668.5	8.121180187464875e13
1669.5	8.11029672079946e13
1670.5	8.1005175298457e13
1671.5	8.091482110024847e13
1672.5	8.083373196948038e13
1673.5	8.076011004626483e13
1674.5	8.069033727177464e13
1675.5	8.06247841923176e13
1676.5	8.056527664581703e13
1677.5	8.050636834979836e13
1678.5	8.044478424747469e13
1679.5	8.034992222384386e13
1680.5	8.024577832426295e13
1681.5	8.013926540078983e13
1682.5	8.003512334472284e13
1683.5	7.992934034433945e13
1684.5	7.982227913812355e13
1685.5	7.971722779590184e13
1686.5	7.960906937354836e13
1687.5	7.95029225502611e13
1688.5	7.939586156092917e13
1689.5	7.928678582771306e13
1690.5	7.918082509089466e13
1691.5	7.90710148800249e13
1692.5	7.896212067871378e13
1693.5	7.885377714586939e13
1694.5	7.874194297354564e13
1695.5	7.863176048129611e13
1696.5	7.851844965428314e13
1697.5	7.840642321429662e13
1698.5	7.829457863154103e13
1699.5	7.818070499055752e13
1700.5	7.80681183392084e13
1701.5	7.795497613950261e13
1702.5	7.784053925078055e13
1703.5	7.772850033996422e13
1704.5	7.761331878004069e13
1705.5	7.750016790497503e13
1706.5	7.738609071836095e13
1707.5	7.727108591889444e13
1708.5	7.715811657573375e13
1709.5	7.704236667129773e13
1710.5	7.692717047170445e13
1711.5	7.681215808129803e13
1712.5	7.6695101667668e13
1713.5	7.658268733065397e13
1714.5	7.646599918604973e13
1715.5	7.635098310861539e13
1716.5	7.623652550747173e13
1717.5	7.612039269434014e13
1718.5	7.600742736353338e13
1719.5	7.589204139044325e13
1720.5	7.577758921139948e13
1721.5	7.566556624155688e13
1722.5	7.55503732952235e13
1723.5	7.543835975983477e13
1724.5	7.532579132674133e13
1725.5	7.52119188786198e13
1726.5	7.510235721680989e13
1727.5	7.49896208070613e13
1728.5	7.487820305201052e13
1729.5	7.476848165513727e13
1730.5	7.46567066921445e13
1731.5	7.454813239472798e13
1732.5	7.443863135199505e13
1733.5	7.432857823104936e13
1734.5	7.422098186357244e13
1735.5	7.411321198889844e13
1736.5	7.400263227360958e13
1737.5	7.389752855390278e13
1738.5	7.37892383745215e13
1739.5	7.36822837667898e13
1740.5	7.357893225288956e13
1741.5	7.347088086278828e13
1742.5	7.33671918773897e13
1743.5	7.326182290855536e13
1744.5	7.315552806194056e13
1745.5	7.305322745944469e13
1746.5	7.294848886394577e13
1747.5	7.284320339545003e13
1748.5	7.27415418416494e13
1749.5	7.263743969223778e13
1750.5	7.25324116650457e13
1751.5	7.243215454356352e13
1752.5	7.232793473458388e13
1753.5	7.222392909855062e13
1754.5	7.212242142394542e13
1755.5	7.201694368778692e13
1756.5	7.191244182117e13
1757.5	7.181082364416866e13
1758.5	7.170522933286211e13
1759.5	7.160137649160431e13
1760.5	7.14988865493796e13
1761.5	7.139394169720014e13
1762.5	7.129074286963331e13
1763.5	7.118776342022888e13
1764.5	7.108232515695769e13
1765.5	7.097978489764584e13
1766.5	7.087631659171355e13
1767.5	7.077153559539334e13
1768.5	7.066774131281455e13
1769.5	7.056263303854383e13
1770.5	7.045505684127856e13
1771.5	7.035038775710045e13
1772.5	7.024440229550647e13
1773.5	7.013709850454061e13
1774.5	7.003309276006538e13
1775.5	6.992661475491566e13
1776.5	6.981958705727718e13
1777.5	6.9715864129533164e13
1778.5	6.960889444836373e13
1779.5	6.9501760369125e13
1780.5	6.9398709673327734e13
1781.5	6.9292408320193055e13
1782.5	6.918594387029311e13
1783.5	6.9083184449702914e13
1784.5	6.897600894562093e13
1785.5	6.886866991100567e13
1786.5	6.8766204368230555e13
1787.5	6.865970413247119e13
1788.5	6.855381746153756e13
1789.5	6.8451650568025445e13
1790.5	6.834660833493161e13
1791.5	6.824140604144847e13
1792.5	6.814070886233767e13
1793.5	6.803596701357876e13
1794.5	6.7932622765292445e13
1795.5	6.78334046265948e13
1796.5	6.773052711266859e13
1797.5	6.76278828574805e13
1798.5	6.752976323622441e13
1799.5	6.742915096719814e13
1800.5	6.732799464466708e13
1801.5	6.723176364925125e13
1802.5	6.713303870476132e13
1803.5	6.703338050843503e13
1804.5	6.6937092797854195e13
1805.5	6.6840657172387805e13
1806.5	6.67432900301571e13
1807.5	6.6648126212445336e13
1808.5	6.65539929190423e13
1809.5	6.645775248917265e13
1810.5	6.636254301737966e13
1811.5	6.6271116653135164e13
1812.5	6.617601096033446e13
1813.5	6.608272655089314e13
1814.5	6.59916602140826e13
1815.5	6.589927207775624e13
1816.5	6.580634812951688e13
1817.5	6.571525283869282e13
1818.5	6.562598945854398e13
1819.5	6.553382579715385e13
1820.5	6.544231083579683e13
1821.5	6.535500136357115e13
1822.5	6.5264394387064914e13
1823.5	6.517404409276831e13
1824.5	6.508553395073882e13
1825.5	6.4997283527295e13
1826.5	6.490731277999203e13
1827.5	6.481601546172536e13
1828.5	6.472894163396175e13
1829.5	6.463816266844637e13
1830.5	6.4547642770864625e13
1831.5	6.445897148402586e13
1832.5	6.437056230149668e13
1833.5	6.4280825246699805e13
1834.5	6.4190554115061875e13
1835.5	6.410452534283471e13
1836.5	6.401517824546328e13
1837.5	6.392529728813485e13
1838.5	6.383727426756117e13
1839.5	6.375071347889094e13
1840.5	6.3661625774779164e13
1841.5	6.357120542695174e13
1842.5	6.348384617984892e13
1843.5	6.339355585397733e13
1844.5	6.33035302350233e13
1845.5	6.321457049246937e13
1846.5	6.312788000716932e13
1847.5	6.303865436483584e13
1848.5	6.294889421189336e13
1849.5	6.2863412421105e13
1850.5	6.277619599211377e13
1851.5	6.26896516866273e13
1852.5	6.260297725074299e13
1853.5	6.252019262933332e13
1854.5	6.243326010149335e13
1855.5	6.234619744325554e13
1856.5	6.226182317059461e13
1857.5	6.2179738976051195e13
1858.5	6.2096321053372195e13
1859.5	6.201318063376654e13
1860.5	6.193233593126227e13
1861.5	6.185177220197536e13
1862.5	6.1770682203671234e13
1863.5	6.168987361235241e13
1864.5	6.161177335993807e13
1865.5	6.1534363015516195e13
1866.5	6.145602462447386e13
1867.5	6.137797197809674e13
1868.5	6.130304246126718e13
1869.5	6.122921395604511e13
1870.5	6.1154865688325766e13
1871.5	6.108121470265471e13
1872.5	6.100907453090232e13
1873.5	6.09400731043452e13
1874.5	6.086811739243167e13
1875.5	6.079727049994954e13
1876.5	6.0725906447578086e13
1877.5	6.066013258021273e13
1878.5	6.059099484206391e13
1879.5	6.052134146221371e13
1880.5	6.045157964036537e13
1881.5	6.038579004891028e13
1882.5	6.031948806901381e13
1883.5	6.025103904599541e13
1884.5	6.018289203394192e13
1885.5	6.0114638748730234e13
1886.5	6.005037070695159e13
1887.5	5.998313514989282e13
1888.5	5.991497545012554e13
1889.5	5.9846709910968055e13
1890.5	5.97799786092008e13
1891.5	5.97143739113526e13
1892.5	5.964579323974841e13
1893.5	5.957628538905979e13
1894.5	5.950708171817604e13
1895.5	5.944064949943977e13
1896.5	5.937123480042759e13
1897.5	5.929883306657555e13
1898.5	5.922467500612104e13
1899.5	5.9151641814513625e13
1900.5	5.907891106763912e13
1901.5	5.900318417679693e13
1902.5	5.8926932318241555e13
1903.5	5.8850567680008086e13
1904.5	5.877698165109398e13
1905.5	5.869873988187202e13
1906.5	5.862038359790001e13
1907.5	5.854149909295484e13
1908.5	5.846622494745508e13
1909.5	5.838628421744768e13
1910.5	5.830539895763613e13
1911.5	5.822273871919838e13
1912.5	5.814244880595686e13
1913.5	5.8059138023972016e13
1914.5	5.7974877940735164e13
1915.5	5.788966725494227e13
1916.5	5.7807661247079555e13
1917.5	5.772345874654372e13
1918.5	5.7638304775915875e13
1919.5	5.7552614342723016e13
1920.5	5.747055205346324e13
1921.5	5.7386706110217414e13
1922.5	5.730149086986061e13
1923.5	5.721699026227179e13
1924.5	5.713487516175888e13
1925.5	5.705180859115397e13
1926.5	5.6968207076172055e13
1927.5	5.688448801006409e13
1928.5	5.680399747912593e13
1929.5	5.672339286720568e13
1930.5	5.664099939608343e13
1931.5	5.655974684322406e13
1932.5	5.648131367387535e13
1933.5	5.640318837135944e13
1934.5	5.63232737758736e13
1935.5	5.624450573763449e13
1936.5	5.616730620445704e13
1937.5	5.609419905540687e13
1938.5	5.601804349334589e13
1939.5	5.594304142881953e13
1940.5	5.586961567717872e13
1941.5	5.579945316214709e13
1942.5	5.572918871163716e13
1943.5	5.565797929755511e13
1944.5	5.558751054232063e13
1945.5	5.551778374723768e13
1946.5	5.545344402529824e13
1947.5	5.5385629821737164e13
1948.5	5.5318139317540664e13
1949.5	5.52518187940625e13
1950.5	5.518624717102378e13
1951.5	5.512523499179846e13
1952.5	5.506074355950357e13
1953.5	5.499658081490522e13
1954.5	5.493359520819703e13
1955.5	5.487051634137043e13
1956.5	5.481243621689187e13
1957.5	5.475129618455072e13
1958.5	5.469006506093106e13
1959.5	5.463001779860556e13
1960.5	5.457030594738041e13
1961.5	5.451220641178418e13
1962.5	5.445572179442483e13
1963.5	5.4397447884095516e13
1964.5	5.433652994096664e13
1965.5	5.4278932058053984e13
1966.5	5.422167392392162e13
1967.5	5.41677432240614e13
1968.5	5.410988724919308e13
1969.5	5.405194452072621e13
1970.5	5.39939150386608e13
1971.5	5.393579880299686e13
1972.5	5.3880162635831266e13
1973.5	5.382487033824188e13
1974.5	5.376949432342993e13
1975.5	5.371103541105172e13
1976.5	5.36559191148254e13
1977.5	5.359814620652769e13
1978.5	5.354715309195609e13
1979.5	5.348921188167722e13
1980.5	5.343333247910968e13
1981.5	5.337565033676447e13
1982.5	5.331960263221577e13
1983.5	5.326261083163094e13
1984.5	5.3210699321776805e13
1985.5	5.3153110331108e13
1986.5	5.309672884208891e13
1987.5	5.304069469278998e13
1988.5	5.298371471238296e13
1989.5	5.292880803453912e13
1990.5	5.2875546204923625e13
1991.5	5.281874873239955e13
1992.5	5.276143540129011e13
1993.5	5.270447027743683e13
1994.5	5.264785401149169e13
1995.5	5.259331842216559e13
1996.5	5.253696968262997e13
1997.5	5.248097131919045e13
1998.5	5.242315676916543e13
1999.5	5.2365258068149836e13
2000.5	5.230814296901309e13
2001.5	5.225528551960882e13
2002.5	5.219713740199741e13
2003.5	5.213890513339539e13
2004.5	5.20818929457149e13
2005.5	5.202262310407434e13
2006.5	5.196544413260066e13
2007.5	5.190861770606304e13
2008.5	5.185083764059346e13
2009.5	5.178948766454382e13
2010.5	5.173197534236772e13
2011.5	5.167089007323564e13
2012.5	5.161364679565705e13
2013.5	5.1556321102159805e13
2014.5	5.149454386463734e13
2015.5	5.143399126260031e13
2016.5	5.137510259458335e13
2017.5	5.131306726510522e13
2018.5	5.125488520514837e13
2019.5	5.119311631765978e13
2020.5	5.1130822896225984e13
2021.5	5.106844272119365e13
2022.5	5.100597579256276e13
2023.5	5.0945177569399875e13
2024.5	5.088517249101165e13
2025.5	5.0822447470425086e13
2026.5	5.075963569624001e13
2027.5	5.06945385069433e13
2028.5	5.0629352395208086e13
2029.5	5.057023968602289e13
2030.5	5.050752106351424e13
2031.5	5.0443834921497836e13
2032.5	5.037653505833412e13
2033.5	5.031311384011927e13
2034.5	5.024784086634352e13
2035.5	5.018601114289396e13
2036.5	5.0119679558331984e13
2037.5	5.005414241984866e13
2038.5	4.998851679269483e13
2039.5	4.992191800704935e13
2040.5	4.9861425590321305e13
2041.5	4.979376559128166e13
2042.5	4.9729559252999984e13
2043.5	4.966216374399388e13
2044.5	4.95964521223355e13
2045.5	4.953287062684734e13
2046.5	4.946742783290244e13
2047.5	4.9402785557788086e13
2048.5	4.933405794727635e13
2049.5	4.9268795709258414e13
2050.5	4.920433572514301e13
2051.5	4.913978942119706e13
2052.5	4.907382133421299e13
2053.5	4.900865636866742e13
2054.5	4.894340464952331e13
2055.5	4.887806617678067e13
2056.5	4.8815317082070516e13
2057.5	4.875159135872479e13
2058.5	4.8685994794026484e13
2059.5	4.862031147572961e13
2060.5	4.855454140383421e13
2061.5	4.8488684578340266e13
2062.5	4.842721423167264e13
2063.5	4.8361186067821586e13
2064.5	4.829686217841391e13
2065.5	4.823334921826856e13
2066.5	4.816706296246185e13
2067.5	4.8106519252668664e13
2068.5	4.804320268098206e13
2069.5	4.798070007493379e13
2070.5	4.791586932762659e13
2071.5	4.785230138738821e13
2072.5	4.778864972992723e13
2073.5	4.772761260904234e13
2074.5	4.766559452184193e13
2075.5	4.7602594167022016e13
2076.5	4.7539510962515484e13
2077.5	4.7476795484824766e13
2078.5	4.741399759121547e13
2079.5	4.735562738439177e13
2080.5	4.729447173640288e13
2081.5	4.723233251949051e13
2082.5	4.7170111754195484e13
2083.5	4.710916507393706e13
2084.5	4.70467818625288e13
2085.5	4.698884021848192e13
2086.5	4.692901124989873e13
2087.5	4.686729235417127e13
2088.5	4.6806851664276375e13
2089.5	4.67463315948388e13
2090.5	4.668573214585854e13
2091.5	4.662958944611948e13
2092.5	4.656974106641862e13
2093.5	4.6510268221357445e13
2094.5	4.645117156158797e13
2095.5	4.639199725734779e13
2096.5	4.633320000593529e13
2097.5	4.627705502891423e13
2098.5	4.6219925181665695e13
2099.5	4.616180916288576e13
2100.5	4.610316123610474e13
2101.5	4.604534809582571e13
2102.5	4.598745904614794e13
2103.5	4.593131894901682e13
2104.5	4.587693040704025e13
2105.5	4.5819729530282945e13
2106.5	4.5761996745524555e13
2107.5	4.570542260929572e13
2108.5	4.564886562859098e13
2109.5	4.559301220872622e13
2110.5	4.553612406784744e13
2111.5	4.547966528137206e13
2112.5	4.5423453298040336e13
2113.5	4.536730521957814e13
2114.5	4.5310991940575914e13
2115.5	4.5254788621759836e13
2116.5	4.519855781289722e13
2117.5	4.514216180349458e13
2118.5	4.5085830197794664e13
2119.5	4.502942528530397e13
2120.5	4.4972947066022516e13
2121.5	4.491552131309358e13
2122.5	4.485783729470177e13
2123.5	4.47998947505863e13
2124.5	4.474201595952156e13
2125.5	4.468401672192945e13
2126.5	4.46259430931266e13
2127.5	4.456774893104275e13
2128.5	4.450952649812999e13
2129.5	4.445136823034755e13
2130.5	4.439304328721391e13
2131.5	4.433473645389397e13
2132.5	4.427635535949367e13
2133.5	4.421766864300988e13
2134.5	4.415830562800448e13
2135.5	4.409886757113634e13
2136.5	4.403949348420293e13
2137.5	4.398018356239982e13
2138.5	4.392112352349311e13
2139.5	4.38620354089531e13
2140.5	4.380329067600031e13
2141.5	4.374470412739026e13
2142.5	4.368627608844895e13
2143.5	4.3628332308094695e13
2144.5	4.357045497015275e13
2145.5	4.351301652951001e13
2146.5	4.345587803943425e13
2147.5	4.339904002044704e13
2148.5	4.3342689383176445e13
2149.5	4.32867336699748e13
2150.5	4.323122017239753e13
2151.5	4.317624293134548e13
2152.5	4.312170942410576e13
2153.5	4.306776048430142e13
2154.5	4.301439702284525e13
2155.5	4.2961479702613805e13
2156.5	4.29092898655271e13
2157.5	4.285768823952695e13
2158.5	4.280686299316855e13
2159.5	4.275704947812057e13
2160.5	4.270768689743359e13
2161.5	4.26590103642039e13
2162.5	4.261097401831047e13
2163.5	4.256348499002605e13
2164.5	4.251659106973923e13
2165.5	4.24702931683628e13
2166.5	4.2424592196809516e13
2167.5	4.23793950467798e13
2168.5	4.233465546776141e13
2169.5	4.229060944038655e13
2170.5	4.2246975557669984e13
2171.5	4.22039428557029e13
2172.5	4.216132377320527e13
2173.5	4.211921324030232e13
2174.5	4.207765919920141e13
2175.5	4.203623784772948e13
2176.5	4.199518547015635e13
2177.5	4.195454987855901e13
2178.5	4.191414273087505e13
2179.5	4.187401168736265e13
2180.5	4.18342044950336e13
2181.5	4.179453242143429e13
2182.5	4.1754901056961086e13
2183.5	4.171502639202077e13
2184.5	4.167528719282458e13
2185.5	4.16354467196463e13
2186.5	4.159597912427876e13
2187.5	4.15564105585667e13
2188.5	4.1516835887570164e13
2189.5	4.1477302663105305e13
2190.5	4.1437811015302555e13
2191.5	4.139817095378111e13
2192.5	4.1358477452042945e13
2193.5	4.131868293658349e13
2194.5	4.127859696156552e13
2195.5	4.123802873413748e13
2196.5	4.119726350013133e13
2197.5	4.1156253404093266e13
2198.5	4.111509354965576e13
2199.5	4.107373610305334e13
2200.5	4.103208541844366e13
2201.5	4.09902366645243e13
2202.5	4.094818964609969e13
2203.5	4.09057530064198e13
2204.5	4.0863260974567234e13
2205.5	4.082028304665345e13
2206.5	4.077701005890681e13
2207.5	4.073286716029498e13
2208.5	4.0688284334184945e13
2209.5	4.064345274213109e13
2210.5	4.059827623945782e13
2211.5	4.0552754435773945e13
2212.5	4.0506838955104086e13
2213.5	4.046072137108223e13
2214.5	4.041435345955177e13
2215.5	4.0367590808303734e13
2216.5	4.032048103421955e13
2217.5	4.0273023746907984e13
2218.5	4.022526667169246e13
2219.5	4.0176535559605086e13
2220.5	4.0127310765321016e13
2221.5	4.0077880787932164e13
2222.5	4.0028245432242984e13
2223.5	3.997830805474468e13
2224.5	3.9928116575956234e13
2225.5	3.9877719003150266e13
2226.5	3.982721171957473e13
2227.5	3.9776498038344055e13
2228.5	3.9725529431664055e13
2229.5	3.96745474107089e13
2230.5	3.962326178469142e13
2231.5	3.957147863763052e13
2232.5	3.951968157746124e13
2233.5	3.9467773787167625e13
2234.5	3.941580366441345e13
2235.5	3.9364013631285664e13
2236.5	3.9312015964263945e13
2237.5	3.926015016271204e13
2238.5	3.920831938792552e13
2239.5	3.915671805471876e13
2240.5	3.9105103589186e13
2241.5	3.9053621900035836e13
2242.5	3.900241915623758e13
2243.5	3.89513498394739e13
2244.5	3.8900511569231516e13
2245.5	3.884990473590164e13
2246.5	3.879967589884482e13
2247.5	3.874928945218785e13
2248.5	3.86993304621993e13
2249.5	3.8649555639256266e13
2250.5	3.860020935740164e13
2251.5	3.855095044726492e13
2252.5	3.850207222276283e13
2253.5	3.845337977024782e13
2254.5	3.840506900103379e13
2255.5	3.835714050070754e13
2256.5	3.8309496975108305e13
2257.5	3.826204095656812e13
2258.5	3.821487073691414e13
2259.5	3.8167937766663766e13
2260.5	3.812114438295345e13
2261.5	3.807468703930711e13
2262.5	3.8028271836221234e13
2263.5	3.798214436228913e13
2264.5	3.793610861944329e13
2265.5	3.789026307301806e13
2266.5	3.784436226455056e13
2267.5	3.779860290782548e13
2268.5	3.775283766269991e13
2269.5	3.770716503788497e13
2270.5	3.766158522857627e13
2271.5	3.761590136917033e13
2272.5	3.75703598290428e13
2273.5	3.7524714325571586e13
2274.5	3.74790634542215e13
2275.5	3.743325922419757e13
2276.5	3.738740025265296e13
2277.5	3.7341338353597164e13
2278.5	3.729433207655604e13
2279.5	3.7247467901909305e13
2280.5	3.720010310477799e13
2281.5	3.715263295624545e13
2282.5	3.710510689501863e13
2283.5	3.705757444655814e13
2284.5	3.700983748733328e13
2285.5	3.696184625331108e13
2286.5	3.691360048423076e13
2287.5	3.686519914425984e13
2288.5	3.68167413710731e13
2289.5	3.676748233080599e13
2290.5	3.671781846571549e13
2291.5	3.666784871828073e13
2292.5	3.661777164580036e13
2293.5	3.6567587183209195e13
2294.5	3.651734502947501e13
2295.5	3.646704518459779e13
2296.5	3.641668764857752e13
2297.5	3.6366222592316086e13
2298.5	3.631584935389449e13
2299.5	3.626541851108348e13
2300.5	3.621502985220975e13
2301.5	3.61642841805896e13
2302.5	3.611363054369333e13
2303.5	3.6063119095945055e13
2304.5	3.601280007852256e13
2305.5	3.596252380893575e13
2306.5	3.591239046590252e13
2307.5	3.586250040164802e13
2308.5	3.5812854006563414e13
2309.5	3.576355184975784e13
2310.5	3.571449422965816e13
2311.5	3.566548100571252e13
2312.5	3.561701385229293e13
2313.5	3.556894302184406e13
2314.5	3.552121890215178e13
2315.5	3.547384201373768e13
2316.5	3.542686311830108e13
2317.5	3.538013201283032e13
2318.5	3.533369937227113e13
2319.5	3.528766626456587e13
2320.5	3.52419829473699e13
2321.5	3.519654924196537e13
2322.5	3.515141591005158e13
2323.5	3.5106684193078035e13
2324.5	3.506245550600143e13
2325.5	3.501837750992553e13
2326.5	3.4974601839296324e13
2327.5	3.493122990907055e13
2328.5	3.4888060299080785e13
2329.5	3.484509333465301e13
2330.5	3.480243043074393e13
2331.5	3.475992034329868e13
2332.5	3.4717664508962355e13
2333.5	3.46756127082456e13
2334.5	3.4633613371767586e13
2335.5	3.459141336337192e13
2336.5	3.4549316537537527e13
2337.5	3.45072216961917e13
2338.5	3.446528105936729e13
2339.5	3.442359636734698e13
2340.5	3.4382015725423926e13
2341.5	3.434048854540597e13
2342.5	3.4299167372651953e13
2343.5	3.425800170572333e13
2344.5	3.4216839259522047e13
2345.5	3.417598531996137e13
2346.5	3.4134727856881285e13
2347.5	3.4093524636488684e13
2348.5	3.405212111288125e13
2349.5	3.4011128573602723e13
2350.5	3.3970496625656527e13
2351.5	3.392971578684683e13
2352.5	3.3889194102724395e13
2353.5	3.3848880920031848e13
2354.5	3.3808827629432125e13
2355.5	3.3768932447265766e13
2356.5	3.3729297851221023e13
2357.5	3.3689873101286953e13
2358.5	3.365065852278955e13
2359.5	3.3611705614833754e13
2360.5	3.3573014767810766e13
2361.5	3.353463758926751e13
2362.5	3.3496420818127957e13
2363.5	3.3458518496250516e13
2364.5	3.342077723242877e13
2365.5	3.3383402502560875e13
2366.5	3.3346446152766152e13
2367.5	3.3309652032200715e13
2368.5	3.3272866294201715e13
2369.5	3.3236654301126695e13
2370.5	3.3200605534947312e13
2371.5	3.3164874558043617e13
2372.5	3.312941037014384e13
2373.5	3.3094058929389562e13
2374.5	3.3058974928291184e13
2375.5	3.3024004194859902e13
2376.5	3.2989353094218277e13
2377.5	3.295471269680186e13
2378.5	3.2920392582827055e13
2379.5	3.2886031954921746e13
2380.5	3.2851217779203246e13
2381.5	3.281646604438728e13
2382.5	3.278193189844068e13
2383.5	3.2747512278088355e13
2384.5	3.2713310810503766e13
2385.5	3.267927608333557e13
2386.5	3.2645304838113117e13
2387.5	3.261160432918331e13
2388.5	3.2578019538709754e13
2389.5	3.2544706135180855e13
2390.5	3.2511457124510465e13
2391.5	3.247765022313624e13
2392.5	3.244390745435975e13
2393.5	3.2410488504234004e13
2394.5	3.2377393828215438e13
2395.5	3.2344779745444383e13
2396.5	3.231269888282258e13
2397.5	3.2281047960190938e13
2398.5	3.224993160238934e13
2399.5	3.2219402566449867e13
