# CO2 Cross-Sections, Temperature Dependant
# resampled/Rayleigh subtracted from (Yoshino 1996) @ 195K/295K & (Parkinson 2003) @ 195K/295K; HuestisBerkowitz(2010) @ 300 K (200.5-201.5nm)
# values below 119.5 nm interpolated from those found on phidrates.swri.edu
#[nm]	[cm^2] 195K	[cm^2] 295K
43.5	2.939780984936841e-35	2.939780984936841e-35
44.5	4.990817848908776e-33	4.990817848908776e-33
45.5	9.51992961765389e-31	9.51992961765389e-31
46.5	1.8159160015206723e-28	1.8159160015206723e-28
47.5	3.4638396049313154e-26	3.4638396049313154e-26
48.5	6.6072355762289145e-24	6.6072355762289145e-24
49.5	1.260322848022019e-21	1.260322848022019e-21
50.5	1.5041389388179375e-19	1.5041389388179375e-19
51.5	5.099541573801874e-19	5.099541573801874e-19
52.5	8.877795085231976e-19	8.877795085231976e-19
53.5	1.2595927841381676e-18	1.2595927841381676e-18
54.5	1.6603006821095945e-18	1.6603006821095945e-18
55.5	2.053794858841423e-18	2.053794858841423e-18
56.5	2.065171689967391e-18	2.065171689967391e-18
57.5	1.9906517297268754e-18	1.9906517297268754e-18
58.5	2.0583426677526895e-18	2.0583426677526895e-18
59.5	2.0483318587458786e-18	2.0483318587458786e-18
60.5	1.7260190055960707e-18	1.7260190055960707e-18
61.5	1.3621523974842292e-18	1.3621523974842292e-18
62.5	1.3154625368831826e-18	1.3154625368831826e-18
63.5	1.6144678014830353e-18	1.6144678014830353e-18
64.5	1.2538579430018112e-18	1.2538579430018112e-18
65.5	8.971491567749424e-19	8.971491567749424e-19
66.5	1.3741356273391195e-18	1.3741356273391195e-18
67.5	9.231313080863783e-19	9.231313080863783e-19
68.5	2.1587752410720264e-18	2.1587752410720264e-18
69.5	2.372341456195419e-18	2.372341456195419e-18
70.5	3.578764950106406e-18	3.578764950106406e-18
71.5	5.024056096712405e-18	5.024056096712405e-18
72.5	6.74756043295321e-18	6.74756043295321e-18
73.5	3.4587394146221912e-18	3.4587394146221912e-18
74.5	5.073056230282579e-18	5.073056230282579e-18
75.5	1.6026920633975642e-17	1.6026920633975642e-17
76.5	1.296760155055264e-17	1.296760155055264e-17
77.5	8.866366003786339e-18	8.866366003786339e-18
78.5	8.736186955970524e-18	8.736186955970524e-18
79.5	6.5171936112233606e-18	6.5171936112233606e-18
80.5	6.43821778659823e-18	6.43821778659823e-18
81.5	4.133985150836944e-18	4.133985150836944e-18
82.5	1.9923260980229646e-18	1.9923260980229646e-18
83.5	1.1491947267311778e-18	1.1491947267311778e-18
84.5	1.88522224250709e-18	1.88522224250709e-18
85.5	2.8031486922012414e-18	2.8031486922012414e-18
86.5	3.175369962401802e-18	3.175369962401802e-18
87.5	6.137855653898236e-18	6.137855653898236e-18
88.5	1.6017767502208106e-17	1.6017767502208106e-17
89.5	3.96997638957662e-17	3.96997638957662e-17
90.5	8.48505496308829e-17	8.48505496308829e-17
91.5	7.300490023143513e-17	7.300490023143513e-17
92.5	7.486777671821742e-17	7.486777671821742e-17
93.5	6.383987341587155e-17	6.383987341587155e-17
94.5	5.721548047134117e-17	5.721548047134117e-17
95.5	6.238775392519865e-17	6.238775392519865e-17
96.5	4.9289844869087724e-17	4.9289844869087724e-17
97.5	3.508152801791307e-17	3.508152801791307e-17
98.5	4.748954424178742e-17	4.748954424178742e-17
99.5	5.703842041833279e-17	5.703842041833279e-17
100.5	4.8705541459395185e-17	4.8705541459395185e-17
101.5	2.93550493847861e-17	2.93550493847861e-17
102.5	3.5327267408378414e-17	3.5327267408378414e-17
103.5	3.1569447382714165e-17	3.1569447382714165e-17
104.5	1.9508829588761784e-17	1.9508829588761784e-17
105.5	1.7905844262866498e-17	1.7905844262866498e-17
106.5	2.154324157064265e-17	2.154324157064265e-17
107.5	2.0028146152940403e-17	2.0028146152940403e-17
108.5	4.3306446185119217e-17	4.3306446185119217e-17
109.5	1.087746964041266e-17	1.087746964041266e-17
110.5	1.2240142505193688e-17	1.2240142505193688e-17
111.5	3.831620903427414e-17	3.831620903427414e-17
112.5	9.53749144901169e-17	9.53749144901169e-17
113.5	2.211804108148233e-17	2.211804108148233e-17
114.5	8.360683341199776e-18	8.360683341199776e-18
115.5	1.943945694761119e-18	1.943945694761119e-18
116.5	4.829179032870632e-19	4.829179032870632e-19
117.5	2.439537085762481e-19	2.439537085762481e-19
118.5	5.762513686717581e-20	5.762513686717581e-20
119.5	2.79E-20	3.69E-20
120.5	3.83E-20	4.43E-20
121.5	5.40E-20	6.20E-20
122.5	7.59E-20	8.58E-20
123.5	1.07E-19	1.21E-19
124.5	1.51E-19	1.74E-19
125.5	2.08E-19	2.32E-19
126.5	2.78E-19	3.09E-19
127.5	3.62E-19	3.98E-19
128.5	4.31E-19	4.89E-19
129.5	5.37E-19	5.99E-19
130.5	6.59E-19	7.24E-19
131.5	7.38E-19	8.14E-19
132.5	7.42E-19	8.21E-19
133.5	7.28E-19	8.01E-19
134.5	7.02E-19	7.68E-19
135.5	6.04E-19	6.49E-19
136.5	5.78E-19	6.12E-19
137.5	5.25E-19	5.46E-19
138.5	4.91E-19	5.06E-19
139.5	4.84E-19	4.90E-19
140.5	5.02E-19	5.08E-19
141.5	5.14E-19	5.20E-19
142.5	5.25E-19	5.31E-19
143.5	5.38E-19	5.54E-19
144.5	5.42E-19	5.67E-19
145.5	5.45E-19	5.66E-19
146.5	5.24E-19	5.45E-19
147.5	4.99E-19	5.26E-19
148.5	4.89E-19	5.24E-19
149.5	4.73E-19	5.13E-19
150.5	4.46E-19	4.86E-19
151.5	4.17E-19	4.52E-19
152.5	3.65E-19	4.05E-19
153.5	3.31E-19	3.75E-19
154.5	3.08E-19	3.52E-19
155.5	2.76E-19	3.17E-19
156.5	2.28E-19	2.64E-19
157.5	2.04E-19	2.38E-19
158.5	1.85E-19	2.17E-19
159.5	1.46E-19	1.76E-19
160.5	1.20E-19	1.51E-19
161.5	1.09E-19	1.37E-19
162.5	8.60E-20	1.09E-19
163.5	6.59E-20	8.84E-20
164.5	6.20E-20	8.05E-20
165.5	4.64E-20	6.08E-20
166.5	3.62E-20	4.84E-20
167.5	3.03E-20	4.23E-20
168.5	2.12E-20	3.06E-20
169.5	1.88E-20	2.77E-20
170.5	1.48E-20	2.11E-20
171.5	1.04E-20	1.63E-20
172.5	8.29E-21	1.28E-20
173.5	5.51E-21	1.01E-20
174.5	4.12E-21	7.88E-21
175.5	3.12E-21	5.36E-21
176.5	2.37E-21	4.20E-21
177.5	1.65E-21	3.26E-21
178.5	1.35E-21	2.50E-21
179.5	9.49E-22	1.83E-21
180.5	6.40E-22	1.42E-21
181.5	5.49E-22	1.04E-21
182.5	2.91E-22	6.82E-22
183.5	3.00E-22	5.83E-22
184.5	1.28E-22	3.58E-22
185.5	1.53E-22	3.36E-22
186.5	6.31E-23	1.94E-22
187.5	8.78E-23	1.78E-22
188.5	3.96E-23	1.04E-22
189.5	4.19E-23	9.31E-23
190.5	2.29E-23	5.64E-23
191.5	2.04E-23	4.33E-23
192.5	1.60E-23	3.34E-23
193.5	1.14E-23	2.29E-23
194.5	8.85E-24	1.77E-23
195.5	5.67E-24	1.13E-23
196.5	4.37E-24	8.74E-24
197.5	3.18E-24	6.36E-24
198.5	2.07E-24	4.13E-24
199.5	1.41E-24	2.81E-24
200.5	6.03e-25	1.206e-24
201.5	8.08e-26	1.616e-25
